373.23758548
373.23758548
373.23758548
373.23758548
373.23758548
373.23758548
286.5529107
286.5529107
286.5529107
286.5529107
286.5529107
380.848005022
380.848005022
380.848005022
380.848005022
380.848005022
380.848005022
380.848005022
380.848005022
400.843735379
400.843735379
400.843735379
400.843735379
400.843735379
400.843735379
400.843735379
400.843735379
400.843735379
400.843735379
400.843735379
408.507387866
383.269197602
383.269197602
383.269197602
383.269197602
383.269197602
383.269197602
383.269197602
383.269197602
383.269197602
383.269197602
393.772955162
393.772955162
393.772955162
393.772955162
393.772955162
393.772955162
393.772955162
393.772955162
393.772955162
311.358576799
311.358576799
311.358576799
311.358576799
311.358576799
311.358576799
311.358576799
311.358576799
400.932577896
400.932577896
400.932577896
400.932577896
400.932577896
400.932577896
400.932577896
400.932577896
400.932577896
400.932577896
400.932577896
400.932577896
400.932577896
400.932577896
400.932577896
400.932577896
400.932577896
400.932577896
400.932577896
400.932577896
400.932577896
400.932577896
400.932577896
400.932577896
400.932577896
451.639129669
451.639129669
451.639129669
451.639129669
411.134478303
411.134478303
411.134478303
411.134478303
411.134478303
411.134478303
341.538488265
341.538488265
341.538488265
341.538488265
341.538488265
341.538488265
341.538488265
341.538488265
341.538488265
341.538488265
341.538488265
341.538488265
341.538488265
358.101443075
358.101443075
358.101443075
358.101443075
358.101443075
358.101443075
358.101443075
358.101443075
393.453717506
393.453717506
393.453717506
393.453717506
295.179036007
295.179036007
423.756492899
423.756492899
423.756492899
413.743030646
413.743030646
413.743030646
340.776653698
340.776653698
340.776653698
340.776653698
301.403616411
301.403616411
301.403616411
301.403616411
301.403616411
433.526709367
433.526709367
433.526709367
433.526709367
313.644294302
313.644294302
313.644294302
313.644294302
313.644294302
398.802395286
409.271026549
409.271026549
409.271026549
409.271026549
342.806079405
342.806079405
342.806079405
342.806079405
342.806079405
342.806079405
342.806079405
342.806079405
342.806079405
342.806079405
318.545435289
318.545435289
318.545435289
318.545435289
318.545435289
318.545435289
318.545435289
318.545435289
318.545435289
318.545435289
318.545435289
318.545435289
272.002781712
272.002781712
272.002781712
272.002781712
272.002781712
272.002781712
272.002781712
309.826930787
309.826930787
309.826930787
309.826930787
309.826930787
309.826930787
309.826930787
309.826930787
443.431507395
443.431507395
443.431507395
443.431507395
443.431507395
443.431507395
443.431507395
352.674539681
352.674539681
352.674539681
413.45622199
413.45622199
413.45622199
413.45622199
413.45622199
348.038384363
348.038384363
348.038384363
348.038384363
348.038384363
348.038384363
348.038384363
348.038384363
348.038384363
348.038384363
348.038384363
348.038384363
319.567099811
319.567099811
319.567099811
319.567099811
319.567099811
319.567099811
292.997854399
292.997854399
292.997854399
292.997854399
292.997854399
292.997854399
292.997854399
292.997854399
305.539150915
305.539150915
305.539150915
305.539150915
305.539150915
305.539150915
305.539150915
305.539150915
305.539150915
305.539150915
305.539150915
305.539150915
407.738158985
407.738158985
407.738158985
407.738158985
407.738158985
407.738158985
407.738158985
407.738158985
407.738158985
407.738158985
366.267021649
366.267021649
366.267021649
366.267021649
366.267021649
405.21925603
405.21925603
405.21925603
405.21925603
405.21925603
436.554160485
436.554160485
436.554160485
436.554160485
337.318907558
337.318907558
337.318907558
337.318907558
337.318907558
414.248732279
414.248732279
414.248732279
414.248732279
414.248732279
445.684654679
445.684654679
445.684654679
445.684654679
445.684654679
445.684654679
445.684654679
445.684654679
445.684654679
445.684654679
445.684654679
445.684654679
392.2217105
392.2217105
392.2217105
392.2217105
392.2217105
392.2217105
392.2217105
392.2217105
435.924503451
435.924503451
435.924503451
334.487978062
334.487978062
334.487978062
334.487978062
397.437037152
397.437037152
397.437037152
407.847511794
407.847511794
407.847511794
407.847511794
407.847511794
407.847511794
407.847511794
407.847511794
415.794028301
415.794028301
415.794028301
415.794028301
415.794028301
415.794028301
334.652616059
334.652616059
419.77638242
419.77638242
419.77638242
419.77638242
419.77638242
419.77638242
419.77638242
414.985154343
414.985154343
414.985154343
414.985154343
353.251975954
353.251975954
353.251975954
353.251975954
431.066190444
431.066190444
431.066190444
431.066190444
431.066190444
431.066190444
431.066190444
431.066190444
431.066190444
431.066190444
431.066190444
431.066190444
362.023126665
362.023126665
398.949666042
398.949666042
398.949666042
429.468625927
429.468625927
429.468625927
429.468625927
429.468625927
429.468625927
429.468625927
345.402487288
345.402487288
345.402487288
345.402487288
345.402487288
345.402487288
345.402487288
275.98466357
275.98466357
275.98466357
275.98466357
275.98466357
275.98466357
275.98466357
404.060591429
404.060591429
404.060591429
404.060591429
404.060591429
404.060591429
406.681643257
406.681643257
406.681643257
406.681643257
406.681643257
406.681643257
406.681643257
406.681643257
406.681643257
406.681643257
333.751345567
333.751345567
333.751345567
333.751345567
333.751345567
333.751345567
333.751345567
447.357353507
447.357353507
384.403358646
384.403358646
384.403358646
422.104951373
422.104951373
422.104951373
422.104951373
422.104951373
422.104951373
422.104951373
422.104951373
422.104951373
422.104951373
346.837980002
346.837980002
346.837980002
346.837980002
346.837980002
346.837980002
288.785086968
288.785086968
288.785086968
288.785086968
329.557772756
329.557772756
329.557772756
329.557772756
329.557772756
329.557772756
329.557772756
329.557772756
329.557772756
329.557772756
329.557772756
329.557772756
329.557772756
329.557772756
329.557772756
329.557772756
329.557772756
329.557772756
329.557772756
435.314469385
435.314469385
435.314469385
435.314469385
435.314469385
435.314469385
383.761417702
383.761417702
383.761417702
383.761417702
383.761417702
383.761417702
383.761417702
383.761417702
383.761417702
383.761417702
383.761417702
383.761417702
383.761417702
383.761417702
383.761417702
383.761417702
383.761417702
383.761417702
387.362956631
387.362956631
387.362956631
290.982115675
290.982115675
290.982115675
290.982115675
290.982115675
290.982115675
400.721989016
411.234754459
411.234754459
411.234754459
307.950060419
307.950060419
307.950060419
307.950060419
373.833825637
373.833825637
366.005883988
366.005883988
366.005883988
366.005883988
366.005883988
371.746949368
371.746949368
371.746949368
371.746949368
371.746949368
371.746949368
371.746949368
371.746949368
387.95097142
387.95097142
387.95097142
387.95097142
387.95097142
387.95097142
387.95097142
437.442766671
437.442766671
437.442766671
437.442766671
437.442766671
437.442766671
405.782375315
405.782375315
405.782375315
379.517901368
379.517901368
316.813548055
316.813548055
316.813548055
316.813548055
316.813548055
316.813548055
405.875005839
405.875005839
405.875005839
405.875005839
405.875005839
405.875005839
405.875005839
405.875005839
415.760798349
415.760798349
415.760798349
415.760798349
415.760798349
415.760798349
415.760798349
415.760798349
415.760798349
415.760798349
332.825517609
332.825517609
421.930802225
421.930802225
421.930802225
421.930802225
310.424312055
310.424312055
310.424312055
310.424312055
310.424312055
391.899207722
391.899207722
391.899207722
391.899207722
391.899207722
391.899207722
391.899207722
391.899207722
391.899207722
391.899207722
391.899207722
391.899207722
391.899207722
400.154454542
400.154454542
400.154454542
400.154454542
400.154454542
400.154454542
352.123006072
352.123006072
352.123006072
352.123006072
352.123006072
379.995476474
421.251885374
421.251885374
421.251885374
421.251885374
312.898599406
312.898599406
312.898599406
312.898599406
312.898599406
312.898599406
312.898599406
312.898599406
312.898599406
312.898599406
376.944712505
376.944712505
376.944712505
376.944712505
376.944712505
376.944712505
376.303131665
376.303131665
376.303131665
397.836401815
397.836401815
397.836401815
397.836401815
397.836401815
397.836401815
397.836401815
397.836401815
397.836401815
397.836401815
397.836401815
397.836401815
397.836401815
404.677690561
404.677690561
404.677690561
366.784644002
366.784644002
366.784644002
438.767627938
361.631373005
361.631373005
361.631373005
361.631373005
361.631373005
361.631373005
361.631373005
293.183464044
293.183464044
293.183464044
293.183464044
293.183464044
293.183464044
293.183464044
336.506357293
336.506357293
336.506357293
336.506357293
336.506357293
336.506357293
336.506357293
336.506357293
336.506357293
336.506357293
336.506357293
336.506357293
336.506357293
336.506357293
429.514486818
384.862915254
384.862915254
384.862915254
346.972589427
346.972589427
346.972589427
346.972589427
346.972589427
346.972589427
346.972589427
346.972589427
346.972589427
346.972589427
346.972589427
434.099248731
434.099248731
434.099248731
434.099248731
434.099248731
434.099248731
434.099248731
434.099248731
434.099248731
350.250261502
350.250261502
350.250261502
350.250261502
350.250261502
350.250261502
350.250261502
350.250261502
350.250261502
350.250261502
419.946725545
419.946725545
419.946725545
419.946725545
348.050713829
348.050713829
348.050713829
348.050713829
319.637754153
319.637754153
319.637754153
319.637754153
269.961852755
269.961852755
269.961852755
269.961852755
269.961852755
269.961852755
269.961852755
269.961852755
269.961852755
269.961852755
269.961852755
283.801742472
283.801742472
283.801742472
283.801742472
283.801742472
283.801742472
283.801742472
283.801742472
390.940136976
390.940136976
390.940136976
390.940136976
390.940136976
390.940136976
390.940136976
390.940136976
390.940136976
390.940136976
390.940136976
390.940136976
390.940136976
390.940136976
408.454609894
408.454609894
408.454609894
408.454609894
408.454609894
411.729785309
411.729785309
411.729785309
411.729785309
411.729785309
411.729785309
411.729785309
411.729785309
411.729785309
411.729785309
370.128592272
370.128592272
370.128592272
370.128592272
370.128592272
370.128592272
370.128592272
370.128592272
451.877115649
451.877115649
451.877115649
451.877115649
451.877115649
451.877115649
451.877115649
451.877115649
451.877115649
451.877115649
347.267831619
347.267831619
297.463916109
297.463916109
297.463916109
297.463916109
297.463916109
297.463916109
297.463916109
392.310105767
392.310105767
392.310105767
392.310105767
392.310105767
392.310105767
392.310105767
412.224498734
427.998472895
427.998472895
427.998472895
427.998472895
427.998472895
427.998472895
427.998472895
427.998472895
427.998472895
427.998472895
427.998472895
427.998472895
373.312778491
373.312778491
373.312778491
373.312778491
373.312778491
373.312778491
373.312778491
373.312778491
373.312778491
373.312778491
373.312778491
373.312778491
373.312778491
353.278620715
353.278620715
353.278620715
353.278620715
353.278620715
353.278620715
353.278620715
318.714748835
318.714748835
318.714748835
318.714748835
318.714748835
318.714748835
293.902387269
293.902387269
293.902387269
293.902387269
293.902387269
293.902387269
314.708865724
314.708865724
314.708865724
314.708865724
314.708865724
314.708865724
314.708865724
314.708865724
292.75712722
292.75712722
292.75712722
292.75712722
251.654828135
251.654828135
251.654828135
388.239758194
388.239758194
388.239758194
388.239758194
388.239758194
388.239758194
388.239758194
388.239758194
388.239758194
388.239758194
388.239758194
388.239758194
388.239758194
388.239758194
388.239758194
433.145006899
433.145006899
433.145006899
433.145006899
433.145006899
433.145006899
389.22462955
389.22462955
389.22462955
389.22462955
389.22462955
389.22462955
389.22462955
389.22462955
389.22462955
431.578832786
431.578832786
431.578832786
431.578832786
431.578832786
337.077877509
337.077877509
337.077877509
337.077877509
337.077877509
337.077877509
337.077877509
394.047179514
394.047179514
394.047179514
394.047179514
394.047179514
394.047179514
394.047179514
380.134961081
397.808381215
397.808381215
397.808381215
397.808381215
397.808381215
408.696609113
408.696609113
408.696609113
408.696609113
408.696609113
408.696609113
408.696609113
408.696609113
408.696609113
408.696609113
408.696609113
408.696609113
408.696609113
408.696609113
408.696609113
408.696609113
408.696609113
408.696609113
408.696609113
408.696609113
408.696609113
408.696609113
408.696609113
408.696609113
335.440947138
335.440947138
335.440947138
335.440947138
335.440947138
335.440947138
335.440947138
335.440947138
335.440947138
335.440947138
335.440947138
335.440947138
335.440947138
335.440947138
335.440947138
289.495603888
289.495603888
289.495603888
289.495603888
289.495603888
289.495603888
289.495603888
289.495603888
289.495603888
289.495603888
289.495603888
289.495603888
289.495603888
289.495603888
410.296847081
410.296847081
410.296847081
345.479624282
417.950646402
417.950646402
417.950646402
417.950646402
324.102888195
324.102888195
384.201990718
384.201990718
384.201990718
384.201990718
384.201990718
384.201990718
384.201990718
384.201990718
386.730760945
386.730760945
386.730760945
436.034750832
436.034750832
436.034750832
402.99032939
402.99032939
402.99032939
379.976668663
379.976668663
379.976668663
379.976668663
379.976668663
379.976668663
346.993204514
346.993204514
346.993204514
432.301959172
432.301959172
432.301959172
432.301959172
432.301959172
432.301959172
432.301959172
432.301959172
432.301959172
320.306214977
320.306214977
320.306214977
320.306214977
320.306214977
320.306214977
320.306214977
320.306214977
373.574423369
373.574423369
373.574423369
373.574423369
373.574423369
373.574423369
373.574423369
373.574423369
373.574423369
368.964347811
368.964347811
368.964347811
368.964347811
368.964347811
368.964347811
368.964347811
390.544286691
390.544286691
390.544286691
390.544286691
390.544286691
390.544286691
390.544286691
390.544286691
390.544286691
408.521380225
408.521380225
408.521380225
408.521380225
408.521380225
408.521380225
408.521380225
408.521380225
305.272748858
305.272748858
305.272748858
370.025525992
370.025525992
370.025525992
370.025525992
370.025525992
389.847161534
389.847161534
389.847161534
389.847161534
389.847161534
429.52195
429.52195
429.52195
429.52195
429.52195
429.52195
429.52195
429.52195
429.52195
397.143343433
397.143343433
397.143343433
341.182782165
341.182782165
341.182782165
341.182782165
341.182782165
341.182782165
341.182782165
341.182782165
341.182782165
341.182782165
341.182782165
341.182782165
341.182782165
321.474948949
321.474948949
274.839213881
274.839213881
274.839213881
274.839213881
274.839213881
274.839213881
274.839213881
274.839213881
274.839213881
274.839213881
284.986063442
389.4577411
389.4577411
389.4577411
389.4577411
389.4577411
389.4577411
389.4577411
389.4577411
389.4577411
408.763603845
408.763603845
408.763603845
408.763603845
408.763603845
408.763603845
418.933302039
418.933302039
418.933302039
418.933302039
418.933302039
418.933302039
374.471894918
374.471894918
374.471894918
374.471894918
326.200860252
326.200860252
326.200860252
326.200860252
326.200860252
326.200860252
326.200860252
326.200860252
326.200860252
326.200860252
326.200860252
326.200860252
326.200860252
326.200860252
326.200860252
326.200860252
326.200860252
326.200860252
326.200860252
326.200860252
326.200860252
292.876177985
292.876177985
292.876177985
292.876177985
292.876177985
292.876177985
292.876177985
286.91829587
286.91829587
286.91829587
286.91829587
408.044608277
408.044608277
408.044608277
408.044608277
408.044608277
408.044608277
408.044608277
408.044608277
436.787283082
436.787283082
436.787283082
436.787283082
436.787283082
436.787283082
393.20631285
393.20631285
393.20631285
393.20631285
393.20631285
393.20631285
393.20631285
393.20631285
393.20631285
393.20631285
393.20631285
350.160158848
350.160158848
350.160158848
350.160158848
350.160158848
391.476077959
391.476077959
391.476077959
391.476077959
391.476077959
391.476077959
391.476077959
378.779495404
378.779495404
378.779495404
378.779495404
378.779495404
378.779495404
378.779495404
378.779495404
403.284445755
403.284445755
403.284445755
403.284445755
403.284445755
419.925458589
419.925458589
419.925458589
419.925458589
419.925458589
349.192086142
349.192086142
349.192086142
349.192086142
349.192086142
349.192086142
349.192086142
349.192086142
349.192086142
349.192086142
320.520679955
320.520679955
320.520679955
320.520679955
320.520679955
320.520679955
320.520679955
320.520679955
320.520679955
320.520679955
320.520679955
421.294238835
421.294238835
421.294238835
421.294238835
421.294238835
421.294238835
340.877167736
340.877167736
340.877167736
340.877167736
340.877167736
265.978482016
265.978482016
265.978482016
265.978482016
393.017638662
393.017638662
393.017638662
393.017638662
393.017638662
393.017638662
432.08675005
432.08675005
432.08675005
432.08675005
432.08675005
353.196873179
353.196873179
353.196873179
402.76657357
402.76657357
400.312906846
400.312906846
400.312906846
349.083036552
349.083036552
349.083036552
349.083036552
416.435253706
416.435253706
416.435253706
416.435253706
416.435253706
344.251289488
344.251289488
344.251289488
344.251289488
344.251289488
344.251289488
344.251289488
344.251289488
344.251289488
344.251289488
298.181209537
408.187271729
408.187271729
408.187271729
408.187271729
408.187271729
408.187271729
408.187271729
408.187271729
363.751339926
363.751339926
363.751339926
363.751339926
363.751339926
363.751339926
363.751339926
363.751339926
363.751339926
363.751339926
363.751339926
363.751339926
414.699112226
414.699112226
414.699112226
414.699112226
414.699112226
387.492966047
387.492966047
387.492966047
387.492966047
334.677335501
334.677335501
334.677335501
334.677335501
324.467606632
324.467606632
347.493575651
347.493575651
347.493575651
347.493575651
347.493575651
347.493575651
347.493575651
347.493575651
404.558161439
404.558161439
404.558161439
404.558161439
407.229770317
407.229770317
407.229770317
407.229770317
407.229770317
407.229770317
407.229770317
407.229770317
407.229770317
407.229770317
407.229770317
407.229770317
407.229770317
407.229770317
407.229770317
407.229770317
407.229770317
407.229770317
407.229770317
407.229770317
407.229770317
336.448989844
336.448989844
336.448989844
336.448989844
336.448989844
316.436802272
316.436802272
316.436802272
316.436802272
316.436802272
316.436802272
316.436802272
316.436802272
417.991177115
417.991177115
417.991177115
417.991177115
417.991177115
417.991177115
417.991177115
417.991177115
417.991177115
340.175406845
340.175406845
340.175406845
340.175406845
340.175406845
340.175406845
340.175406845
340.175406845
340.175406845
340.175406845
340.175406845
337.020279672
337.020279672
337.020279672
337.020279672
337.020279672
337.020279672
337.020279672
337.020279672
433.096609699
433.096609699
433.096609699
433.096609699
433.096609699
433.096609699
433.096609699
347.294163749
347.294163749
347.294163749
347.294163749
298.019392829
298.019392829
298.019392829
298.019392829
298.019392829
298.019392829
298.019392829
298.019392829
298.019392829
413.122469542
413.122469542
413.122469542
413.122469542
413.122469542
413.122469542
413.122469542
413.122469542
413.122469542
346.232757725
346.232757725
346.232757725
346.232757725
346.232757725
346.232757725
346.232757725
346.232757725
346.232757725
286.238146299
286.238146299
286.238146299
286.238146299
286.238146299
286.238146299
294.468355965
294.468355965
294.468355965
294.468355965
294.468355965
294.468355965
294.468355965
294.468355965
413.839736832
413.839736832
413.839736832
413.839736832
413.839736832
413.839736832
413.839736832
413.839736832
413.839736832
413.839736832
413.839736832
413.839736832
441.741671615
441.741671615
441.741671615
441.741671615
441.741671615
380.051088003
380.051088003
454.829545787
383.733086616
383.733086616
383.733086616
383.733086616
383.733086616
383.733086616
464.692232099
464.692232099
464.692232099
464.692232099
464.692232099
464.692232099
464.692232099
464.692232099
464.692232099
464.692232099
464.692232099
464.692232099
464.692232099
464.692232099
409.690777104
409.690777104
409.690777104
409.690777104
343.934166146
343.934166146
343.934166146
343.934166146
343.934166146
343.934166146
343.934166146
356.381899681
356.381899681
356.381899681
356.381899681
356.381899681
356.381899681
356.381899681
356.381899681
389.964994546
389.964994546
389.964994546
389.964994546
389.964994546
389.964994546
389.964994546
389.964994546
389.964994546
308.693156452
308.693156452
308.693156452
308.693156452
308.693156452
308.693156452
308.693156452
308.693156452
308.693156452
308.693156452
308.693156452
308.693156452
308.693156452
386.506368342
401.724546665
401.724546665
401.724546665
401.724546665
401.724546665
408.304704119
408.304704119
408.304704119
408.304704119
408.304704119
408.304704119
408.304704119
408.304704119
408.304704119
328.656872579
328.656872579
328.656872579
328.656872579
448.823478839
448.823478839
448.823478839
448.823478839
448.823478839
448.823478839
448.823478839
379.674177404
379.674177404
379.674177404
414.643438555
414.643438555
414.643438555
414.643438555
414.643438555
414.643438555
335.255618787
454.600403153
454.600403153
454.600403153
454.600403153
454.600403153
454.600403153
454.600403153
454.600403153
385.846485656
385.846485656
424.88075183
424.88075183
424.88075183
424.88075183
424.88075183
424.88075183
424.88075183
357.615717737
357.615717737
357.615717737
357.615717737
357.615717737
357.615717737
357.615717737
325.537446773
325.537446773
325.537446773
325.537446773
325.537446773
325.537446773
346.722323532
346.722323532
346.722323532
357.651272593
357.651272593
357.651272593
357.651272593
357.651272593
357.651272593
357.651272593
357.651272593
357.651272593
348.402186373
335.896444964
335.896444964
335.896444964
335.896444964
291.811703133
291.811703133
291.811703133
291.811703133
291.811703133
291.811703133
291.811703133
291.811703133
291.811703133
291.811703133
335.059803957
335.059803957
335.059803957
335.059803957
335.059803957
405.755594765
405.755594765
405.755594765
405.755594765
434.422998596
434.422998596
434.422998596
434.422998596
434.422998596
434.422998596
346.020608677
346.020608677
346.020608677
393.123696229
393.123696229
393.123696229
393.123696229
393.123696229
393.123696229
394.103100305
394.103100305
394.103100305
394.103100305
394.103100305
394.103100305
394.103100305
432.71187992
373.030328378
373.030328378
373.030328378
373.030328378
373.030328378
373.030328378
373.030328378
373.030328378
373.030328378
373.030328378
458.02833661
458.02833661
458.02833661
458.02833661
458.02833661
458.02833661
401.138206934
401.138206934
401.138206934
401.138206934
401.138206934
401.138206934
401.138206934
401.138206934
345.00655738
345.00655738
345.00655738
345.00655738
411.493391268
411.493391268
411.493391268
411.493391268
411.493391268
411.493391268
442.475632085
442.475632085
442.475632085
386.235852227
310.898876993
310.898876993
310.898876993
385.181942548
385.181942548
385.181942548
385.181942548
385.181942548
385.181942548
385.181942548
407.682857931
407.682857931
410.360871948
410.360871948
410.360871948
410.360871948
358.501211679
358.501211679
358.501211679
431.406119178
431.406119178
431.406119178
431.406119178
431.406119178
359.010433552
359.010433552
359.010433552
359.010433552
359.010433552
359.010433552
359.010433552
359.010433552
359.010433552
359.010433552
359.010433552
317.598333127
317.598333127
317.598333127
317.598333127
317.598333127
317.598333127
317.598333127
317.598333127
323.097015721
323.097015721
323.097015721
323.097015721
323.097015721
323.097015721
323.097015721
331.48715982
331.48715982
331.48715982
331.48715982
331.48715982
331.48715982
331.48715982
331.48715982
331.48715982
331.48715982
331.48715982
331.48715982
331.48715982
331.48715982
331.48715982
331.48715982
356.231800847
356.231800847
411.907267249
411.907267249
411.907267249
419.528664092
419.528664092
419.528664092
419.528664092
419.528664092
419.528664092
419.528664092
419.528664092
419.528664092
346.378788106
346.378788106
346.378788106
346.378788106
346.378788106
346.378788106
346.378788106
346.378788106
346.378788106
346.378788106
346.378788106
346.378788106
266.974130576
266.974130576
266.974130576
266.974130576
266.974130576
266.974130576
266.974130576
266.974130576
266.974130576
266.974130576
266.974130576
378.1621314
378.1621314
378.1621314
378.1621314
378.1621314
378.1621314
378.1621314
378.1621314
378.1621314
378.1621314
378.1621314
378.1621314
378.1621314
378.1621314
378.1621314
375.256948543
391.46381154
391.46381154
391.46381154
391.46381154
391.46381154
403.661441104
403.661441104
403.661441104
403.661441104
403.661441104
403.661441104
403.661441104
403.661441104
403.661441104
353.996829135
353.996829135
353.996829135
353.996829135
353.996829135
379.983156838
379.983156838
379.983156838
379.983156838
379.983156838
421.379844219
421.379844219
421.379844219
421.379844219
421.379844219
349.298368599
349.298368599
349.298368599
349.298368599
264.461289913
264.461289913
264.461289913
264.461289913
264.461289913
306.211044213
306.211044213
427.145437175
427.145437175
427.145437175
427.145437175
427.145437175
427.145437175
427.145437175
427.145437175
427.145437175
389.721512291
389.721512291
389.721512291
389.721512291
389.721512291
389.721512291
428.155294573
382.401423546
352.627319392
352.627319392
352.627319392
352.627319392
352.627319392
352.627319392
352.627319392
352.627319392
352.627319392
352.627319392
352.627319392
352.627319392
352.627319392
352.627319392
352.627319392
352.627319392
352.627319392
352.627319392
352.627319392
352.627319392
352.627319392
352.627319392
352.627319392
352.627319392
352.627319392
352.627319392
352.627319392
352.627319392
314.685648175
314.685648175
314.685648175
314.685648175
314.685648175
291.394788932
291.394788932
291.394788932
291.394788932
414.570737088
414.570737088
414.570737088
414.570737088
414.570737088
414.570737088
414.570737088
414.570737088
414.570737088
414.570737088
414.570737088
414.570737088
441.516397618
441.516397618
441.516397618
441.516397618
441.516397618
357.307919785
357.307919785
357.307919785
357.307919785
357.307919785
357.307919785
357.307919785
357.307919785
357.307919785
413.463265458
399.378170413
399.378170413
399.378170413
399.378170413
399.378170413
399.378170413
342.472491656
342.472491656
342.472491656
342.472491656
342.472491656
342.472491656
342.472491656
342.472491656
327.130244128
327.130244128
327.130244128
327.130244128
327.130244128
327.130244128
327.130244128
327.130244128
383.535121039
383.535121039
383.535121039
383.535121039
383.535121039
383.535121039
383.535121039
383.535121039
410.323892424
410.323892424
410.323892424
410.323892424
325.815224139
325.815224139
325.815224139
325.815224139
325.815224139
325.815224139
325.815224139
325.815224139
325.815224139
325.815224139
325.815224139
325.815224139
325.815224139
325.815224139
320.999333097
320.999333097
320.999333097
320.999333097
320.999333097
446.063480253
446.063480253
446.063480253
446.063480253
446.063480253
446.063480253
446.063480253
446.063480253
446.063480253
345.685456766
345.685456766
305.677813384
305.677813384
305.677813384
305.677813384
305.677813384
305.677813384
305.677813384
305.677813384
427.691605768
427.691605768
427.691605768
427.691605768
427.691605768
427.691605768
427.691605768
415.437747333
415.437747333
415.437747333
415.437747333
415.437747333
415.437747333
415.437747333
415.437747333
415.437747333
415.437747333
415.437747333
415.437747333
415.437747333
415.437747333
415.437747333
333.393189587
333.393189587
333.393189587
391.736503709
391.736503709
391.736503709
391.736503709
391.736503709
391.736503709
379.926047376
379.926047376
379.926047376
379.926047376
379.926047376
379.926047376
395.08673797
395.08673797
412.245716345
412.245716345
412.245716345
412.245716345
412.245716345
412.245716345
412.245716345
302.230269911
372.986674126
372.986674126
372.986674126
372.986674126
372.986674126
372.986674126
372.986674126
407.46673103
407.46673103
407.46673103
407.46673103
407.46673103
407.46673103
407.46673103
407.46673103
407.46673103
407.46673103
407.46673103
407.46673103
407.46673103
407.46673103
421.126481694
421.126481694
421.126481694
421.126481694
421.126481694
421.126481694
421.126481694
421.126481694
372.369637618
372.369637618
372.369637618
372.369637618
353.386348277
353.386348277
353.386348277
353.386348277
353.386348277
353.386348277
353.386348277
353.386348277
353.386348277
353.386348277
353.386348277
353.386348277
353.386348277
353.386348277
320.246563526
320.246563526
294.814657266
294.814657266
294.814657266
294.814657266
294.814657266
294.814657266
294.814657266
294.814657266
294.814657266
311.548654049
311.548654049
311.548654049
297.911978312
297.911978312
297.911978312
297.911978312
297.911978312
297.911978312
322.481745336
322.481745336
322.481745336
322.481745336
322.481745336
322.481745336
322.481745336
322.481745336
322.481745336
397.412880846
397.412880846
397.412880846
435.335124825
435.335124825
435.335124825
435.335124825
435.335124825
435.335124825
435.335124825
381.698738382
381.698738382
381.698738382
381.698738382
381.698738382
358.608469125
358.608469125
358.608469125
340.777457552
340.777457552
340.777457552
340.777457552
340.777457552
340.777457552
340.777457552
340.777457552
340.777457552
340.777457552
295.20965036
295.20965036
295.20965036
295.20965036
295.20965036
295.20965036
295.20965036
295.20965036
295.20965036
295.20965036
295.20965036
295.20965036
295.20965036
295.20965036
295.20965036
295.20965036
295.20965036
295.20965036
323.979150327
437.712811883
437.712811883
437.712811883
437.712811883
437.712811883
437.712811883
437.712811883
377.812765287
377.812765287
377.812765287
377.812765287
377.812765287
377.812765287
377.812765287
377.812765287
315.805687767
315.805687767
315.805687767
315.805687767
261.82963928
261.82963928
261.82963928
261.82963928
261.82963928
261.82963928
261.82963928
261.82963928
321.551813967
321.551813967
321.551813967
321.551813967
321.551813967
321.551813967
321.551813967
405.511285196
405.511285196
405.511285196
405.511285196
405.511285196
405.511285196
401.54169252
401.54169252
401.54169252
401.54169252
401.54169252
401.54169252
420.364090545
420.364090545
420.364090545
420.364090545
420.364090545
420.364090545
420.364090545
392.710922684
392.710922684
392.710922684
313.894129619
313.894129619
313.894129619
399.538325495
399.538325495
399.538325495
399.538325495
445.7740267
445.7740267
445.7740267
445.7740267
394.06823669
394.06823669
394.06823669
394.06823669
394.06823669
394.06823669
394.06823669
394.06823669
394.06823669
349.233639002
349.233639002
349.233639002
349.233639002
349.233639002
349.233639002
386.288960811
386.288960811
386.288960811
386.288960811
386.288960811
386.288960811
386.288960811
386.288960811
386.288960811
386.288960811
386.288960811
386.288960811
386.288960811
387.452139345
387.452139345
387.452139345
387.452139345
387.452139345
444.403092906
444.403092906
396.270501149
425.340428206
425.340428206
425.340428206
358.613540835
358.613540835
358.613540835
358.613540835
331.791212421
331.791212421
331.791212421
331.791212421
331.791212421
331.791212421
331.791212421
331.791212421
331.791212421
356.903587179
356.903587179
356.903587179
356.903587179
356.903587179
356.903587179
356.903587179
356.903587179
356.903587179
356.903587179
356.903587179
401.336654579
401.336654579
401.336654579
401.336654579
401.336654579
403.015927771
403.015927771
403.015927771
403.015927771
351.139592437
351.139592437
351.139592437
351.139592437
351.139592437
351.139592437
351.139592437
351.139592437
351.139592437
351.139592437
351.139592437
416.201585085
416.201585085
416.201585085
416.201585085
416.201585085
416.201585085
416.201585085
339.798472943
339.798472943
339.798472943
339.798472943
339.798472943
339.798472943
339.798472943
339.798472943
339.798472943
339.798472943
301.239344706
301.239344706
301.239344706
301.239344706
301.239344706
301.239344706
301.239344706
301.239344706
429.464171788
429.464171788
429.464171788
309.880718829
371.274422915
371.274422915
371.274422915
371.274422915
389.993319378
389.993319378
389.993319378
389.993319378
389.993319378
389.993319378
389.993319378
430.565947285
373.911984827
373.911984827
373.911984827
373.911984827
373.911984827
373.911984827
373.911984827
373.911984827
373.911984827
416.040533044
416.040533044
416.040533044
416.040533044
416.040533044
416.040533044
416.040533044
416.040533044
361.178214281
361.178214281
361.178214281
361.178214281
361.178214281
386.232962075
386.232962075
386.232962075
386.232962075
386.232962075
386.232962075
386.232962075
413.974816926
413.974816926
413.974816926
413.974816926
413.974816926
349.22499613
349.22499613
349.22499613
349.22499613
349.22499613
324.87162838
324.87162838
324.87162838
324.87162838
324.87162838
324.87162838
324.87162838
324.87162838
324.87162838
324.87162838
324.87162838
324.87162838
324.87162838
324.87162838
324.87162838
313.055245124
313.055245124
313.055245124
313.055245124
326.944370847
326.944370847
326.944370847
326.944370847
326.944370847
326.944370847
309.665856447
309.665856447
309.665856447
309.665856447
329.011337849
329.011337849
329.011337849
329.011337849
329.011337849
329.011337849
329.011337849
329.011337849
329.011337849
329.011337849
329.011337849
479.32202764
479.32202764
479.32202764
479.32202764
479.32202764
479.32202764
479.32202764
479.32202764
479.32202764
384.249833687
384.249833687
384.249833687
384.249833687
384.249833687
384.249833687
422.731996508
422.731996508
422.731996508
422.731996508
362.006766616
362.006766616
362.006766616
362.006766616
362.006766616
362.006766616
362.006766616
362.006766616
362.006766616
362.006766616
362.006766616
362.006766616
362.006766616
362.006766616
362.006766616
379.207997592
379.207997592
379.207997592
379.207997592
379.207997592
422.00421024
422.00421024
422.00421024
422.00421024
422.00421024
422.00421024
422.00421024
320.470444159
320.470444159
320.470444159
320.470444159
320.470444159
320.470444159
409.140522711
409.140522711
409.140522711
409.140522711
409.140522711
429.62028336
429.62028336
429.62028336
429.62028336
429.62028336
429.62028336
429.62028336
429.62028336
429.62028336
429.62028336
349.012624412
349.012624412
349.012624412
349.012624412
349.012624412
333.182394735
333.182394735
333.182394735
333.182394735
333.182394735
445.118297655
445.118297655
445.118297655
445.118297655
354.105839046
354.105839046
354.105839046
354.105839046
413.964697944
309.248978947
309.248978947
309.248978947
309.248978947
309.248978947
309.248978947
309.248978947
309.248978947
323.678232338
431.333628148
431.333628148
431.333628148
431.333628148
431.333628148
431.333628148
431.333628148
431.333628148
431.333628148
431.333628148
368.860127261
368.860127261
302.497622914
255.780025498
362.606468082
362.606468082
362.606468082
362.606468082
362.606468082
362.606468082
362.606468082
362.606468082
371.922181399
371.922181399
371.922181399
371.922181399
371.922181399
371.922181399
371.922181399
370.58175921
370.58175921
370.58175921
370.58175921
370.58175921
370.58175921
370.58175921
370.58175921
370.58175921
387.45254794
387.45254794
387.45254794
387.45254794
387.45254794
387.45254794
387.45254794
433.055201421
433.055201421
433.055201421
352.339711892
352.339711892
352.339711892
352.339711892
352.339711892
352.339711892
352.339711892
352.339711892
379.454606464
379.454606464
379.454606464
379.454606464
391.005610603
371.220368731
371.220368731
371.220368731
371.220368731
371.220368731
371.220368731
371.220368731
413.44410793
413.44410793
413.44410793
413.44410793
413.44410793
413.44410793
413.44410793
413.44410793
413.44410793
413.44410793
413.44410793
413.44410793
399.152934201
407.919400462
407.919400462
407.919400462
407.919400462
407.919400462
407.919400462
407.919400462
407.919400462
407.919400462
407.919400462
407.919400462
453.304631045
453.304631045
453.304631045
453.304631045
453.304631045
352.946938934
335.354291008
438.828752938
438.828752938
438.828752938
366.146371817
366.146371817
366.146371817
351.234901044
351.234901044
351.234901044
351.234901044
351.234901044
381.234853983
381.234853983
381.234853983
381.234853983
381.234853983
381.234853983
381.234853983
372.655171907
372.655171907
372.655171907
372.655171907
372.655171907
372.655171907
372.655171907
372.655171907
372.655171907
372.655171907
392.429688116
392.429688116
400.69135786
400.69135786
400.69135786
400.69135786
400.69135786
359.154402527
359.154402527
359.154402527
396.075355778
396.075355778
396.075355778
396.075355778
396.075355778
351.482194981
351.482194981
351.482194981
351.482194981
351.482194981
351.482194981
351.482194981
351.482194981
351.482194981
416.357150391
416.357150391
416.357150391
416.357150391
416.357150391
416.357150391
416.357150391
411.394377074
411.394377074
411.394377074
411.394377074
411.394377074
411.394377074
411.394377074
356.976217172
356.976217172
356.976217172
356.976217172
356.976217172
424.995228907
424.995228907
424.995228907
424.995228907
424.995228907
424.995228907
424.995228907
424.995228907
424.995228907
424.995228907
424.995228907
424.995228907
424.995228907
424.995228907
424.995228907
424.995228907
424.995228907
424.995228907
424.995228907
424.995228907
424.995228907
367.581886697
367.581886697
367.581886697
367.581886697
397.849616457
397.849616457
397.849616457
397.849616457
397.849616457
397.849616457
397.849616457
397.849616457
397.849616457
370.737809215
370.737809215
370.737809215
370.737809215
463.484413774
463.484413774
463.484413774
369.632739962
369.632739962
369.632739962
369.632739962
369.632739962
369.632739962
369.632739962
369.632739962
369.632739962
416.936137083
416.936137083
416.936137083
416.936137083
416.936137083
424.17300395
424.17300395
424.17300395
424.17300395
424.17300395
424.17300395
424.17300395
424.17300395
424.17300395
376.339224796
376.339224796
376.339224796
376.339224796
376.339224796
376.339224796
376.339224796
376.339224796
376.339224796
348.041560941
348.041560941
348.041560941
348.041560941
288.118384138
288.118384138
288.118384138
288.118384138
288.118384138
288.118384138
288.118384138
288.118384138
288.118384138
288.118384138
288.118384138
288.118384138
288.118384138
282.687565878
282.687565878
282.687565878
282.687565878
282.687565878
282.687565878
282.687565878
424.357173777
424.357173777
424.357173777
424.357173777
424.357173777
424.357173777
424.357173777
424.357173777
421.420005731
421.420005731
421.420005731
421.420005731
421.420005731
375.359715496
375.359715496
375.359715496
375.359715496
325.119703211
325.119703211
325.119703211
325.119703211
325.119703211
325.119703211
325.119703211
325.119703211
325.119703211
325.119703211
325.119703211
325.119703211
325.119703211
325.119703211
325.119703211
325.119703211
325.119703211
325.119703211
325.119703211
325.119703211
325.119703211
292.182412655
292.182412655
292.182412655
292.182412655
292.182412655
292.182412655
